income,etr_nominal,etr_deflated
1000,0,0
1500,0,0
2000,0,0
2500,0,0
3000,0,0
3500,0,0
4000,0,0
4500,0,0
5000,0,0
5500,0,0
6000,0,0
6500,0,0
7000,0,0
7500,0,0
8000,0,0
8500,0,0
9000,0,0
9500,0,0
10000,0,0
10500,0,0
11000,0,0
11500,0,0
12000,0,0
12500,0,0
13000,0,0
13500,0,0
14000,0,0
14500,0,0
15000,0,0
15500,0,0
16000,0,0
16500,0,0
17000,0,0
17500,0,0
18000,0,0
18500,0,0.00284689682134256
19000,0,0.00645618901025462
19500,0,0.00988038929204295
20000,0,0.0131333795597419
20500,0,0.0162276873753579
21000,0,0.0191746471997542
21500,0,0.0219845391253413
22000,0,0.0246667086906744
22500,0,0.0272296707197706
23000,0.00295652173913044,0.0296811996171669
23500,0.00629787234042553,0.0320284081359505
24000,0.0095,0.0342778162997849
24500,0.0125714285714286,0.0364354118855036
25000,0.01552,0.0385067036477935
25500,0.0183529411764706,0.0404967682821505
26000,0.0210769230769231,0.0424102919690322
26500,0.0236981132075472,0.0442516072148995
27000,0.0262222222222222,0.0460247255998088
27500,0.0286545454545455,0.0477333669525395
28000,0.031,0.0493809853998156
28500,0.0332631578947368,0.0509707926735031
29000,0.035448275862069,0.0525057790067185
29500,0.0375593220338983,0.0543362911172576
30000,0.0396,0.05659735293197
30500,0.0415737704918033,0.0587842815724295
31000,0.0434838709677419,0.0609006641277129
31500,0.0453333333333333,0.0629498599352095
32000,0.047125,0.0649350183737218
32500,0.0488615384615385,0.0668590950141261
33000,0.0505454545454546,0.0687248663017909
33500,0.0521791044776119,0.0705349429241522
34000,0.053764705882353,0.072291781998797
34500,0.055304347826087,0.073997698201713
35000,0.0568,0.0756548739416886
35500,0.0582535211267606,0.0784839317817432
36000,0.0596666666666667,0.0817688771736634
36500,0.061041095890411,0.0849638240616955
37000,0.0623783783783784,0.0880724210338346
37500,0.06368,0.0910981220867169
38000,0.0656052631578947,0.0940441994276811
38500,0.0674805194805195,0.0969137552792697
39000,0.0693076923076923,0.0997097327756893
39500,0.0710886075949367,0.102434926031693
40000,0.072825,0.105091989456297
40500,0.0745185185185185,0.10768344637659
41000,0.0761707317073171,0.110211697030534
41500,0.0777831325301205,0.112679025981973
42000,0.0793571428571429,0.115087609005997
42500,0.0808941176470588,0.11743951948828
43000,0.0823953488372093,0.119736734377951
43500,0.0838620689655173,0.121981139729928
44000,0.0852954545454545,0.124174535869361
44500,0.0866966292134831,0.126318642207907
45000,0.0880666666666667,0.128415101738931
45500,0.0905604395604396,0.130465485236305
46000,0.093,0.132471295179389
46500,0.0953870967741936,0.134433969424772
47000,0.0977234042553192,0.136354884643657
47500,0.100010526315789,0.138235359542145
48000,0.10225,0.140076657880248
48500,0.104443298969072,0.141879991304163
49000,0.106591836734694,0.14364652200514
49500,0.10869696969697,0.14537736521721
50000,0.11076,0.147073591565038
50500,0.112782178217822,0.148736229272315
51000,0.114764705882353,0.150366266240233
51500,0.116708737864078,0.151964652004891
52000,0.118615384615385,0.153532299581767
52500,0.120485714285714,0.154950056761478
53000,0.122320754716981,0.156318452452408
53500,0.124121495327103,0.157661270653787
54000,0.125888888888889,0.158979221851437
54500,0.127623853211009,0.160272990458305
55000,0.129327272727273,0.161543235999593
55500,0.131,0.162790594233831
56000,0.132642857142857,0.164015678213886
56500,0.134256637168142,0.165219079291639
57000,0.135842105263158,0.166401368069783
57500,0.1374,0.167563095303958
58000,0.138931034482759,0.168704792758235
58500,0.140435897435897,0.169826974016711
59000,0.141915254237288,0.170930135253858
59500,0.14336974789916,0.17201475596601
60000,0.1448,0.173081299666294
60500,0.146206611570248,0.174130214545084
61000,0.147590163934426,0.175161934097994
61500,0.148951219512195,0.176176877723213
62000,0.150290322580645,0.177175451289961
62500,0.151608,0.178158047679642
63000,0.152904761904762,0.179125047301232
63500,0.154181102362205,0.180076818582325
64000,0.1554375,0.18101371843715
64500,0.156674418604651,0.181936092712831
65000,0.157892307692308,0.18284427661504
65500,0.159091603053435,0.183738595114162
66000,0.160272727272727,0.184619363332994
66500,0.161436090225564,0.185486886916957
67000,0.162507462686567,0.186341462387726
67500,0.163525925925926,0.18718337748115
68000,0.164529411764706,0.188012911470259
68500,0.165518248175182,0.188830335474126
69000,0.166492753623188,0.189635912753299
69500,0.167453237410072,0.190429898992484
70000,0.1684,0.191212542571109
70500,0.169333333333333,0.191984084822377
71000,0.170253521126761,0.192744760281375
71500,0.171160839160839,0.193494796922764
72000,0.172055555555556,0.194234416388578
72500,0.172937931034483,0.194963834206588
73000,0.173808219178082,0.195683259999693
73500,0.174666666666667,0.19639289768677
74000,0.175513513513514,0.197092945675373
74500,0.176348993288591,0.197783597046679
75000,0.177173333333333,0.198465039733035
75500,0.177986754966887,0.199137456688445
76000,0.178789473684211,0.199801026052337
76500,0.179581699346405,0.200455921306897
77000,0.180363636363636,0.201102311428281
77500,0.181135483870968,0.201740361031969
78000,0.181897435897436,0.202370230512533
78500,0.182649681528662,0.202992076178059
79000,0.183392405063291,0.203606050379463
79500,0.184125786163522,0.204212301634938
80000,0.18485,0.20481097474972
80500,0.185565217391304,0.205402210931399
81000,0.186271604938272,0.205986147900958
81500,0.186969325153374,0.206562919999725
82000,0.187658536585366,0.20713265829241
82500,0.188339393939394,0.207695490666395
83000,0.189012048192771,0.208251541927441
83500,0.189676646706587,0.208800933891947
84000,0.190333333333333,0.209343785475924
84500,0.19098224852071,0.2098802127808
85000,0.191623529411765,0.210410329176207
85500,0.19225730994152,0.210934245379855
86000,0.192883720930233,0.211452069534623
86500,0.19350289017341,0.211963907282978
87000,0.194114942528736,0.212469861838823
87500,0.19472,0.212970034056887
88000,0.195318181818182,0.213464522499746
88500,0.195909604519774,0.213953423502572
89000,0.196494382022472,0.214436831235703
89500,0.197072625698324,0.214914837765113
90000,0.197644444444444,0.215387533110862
90500,0.198209944751381,0.21585500530362
91000,0.198769230769231,0.216317340439314
91500,0.199322404371585,0.216774622731996
92000,0.199869565217391,0.217226934564974
92500,0.200410810810811,0.217674356540299
93000,0.20094623655914,0.218116967526641
93500,0.201475935828877,0.218554844705643
94000,0.202,0.218988063616783
94500,0.202518518518519,0.219416698200821
95000,0.203031578947368,0.21984082084187
95500,0.203539267015707,0.220260502408143
96000,0.204041666666667,0.220675812291433
96500,0.204538860103627,0.221086818445364
97000,0.205030927835052,0.22149358742245
97500,0.205517948717949,0.221896184410027
98000,0.206,0.222294673265078
98500,0.206477157360406,0.222689116547996
99000,0.206949494949495,0.223079575555329
99500,0.207417085427136,0.223466110351534
1e+05,0.20788,0.223848779799776
100500,0.208338308457711,0.224227641591817
101000,0.208792079207921,0.224602752277006
101500,0.209241379310345,0.22497416729042
102000,0.209686274509804,0.225341940980173
102500,0.210126829268293,0.225706126633928
103000,0.210563106796117,0.226066776504637
103500,0.210995169082126,0.226423941835532
104000,0.211423076923077,0.2267776728844
104500,0.211846889952153,0.227128018947154
105000,0.212266666666667,0.227475028380739
105500,0.212682464454976,0.227844105058479
106000,0.213094339622642,0.228514651732731
106500,0.21350234741784,0.22917890219408
107000,0.213906542056075,0.229836944707191
107500,0.214306976744186,0.2304888658946
108000,0.214703703703704,0.231134750774717
108500,0.215096774193548,0.231774682798797
109000,0.21548623853211,0.232408743886876
109500,0.215872146118721,0.233037014462735
110000,0.216254545454545,0.233659573487904
110500,0.216633484162896,0.234276498494747
111000,0.217009009009009,0.234887865618644
111500,0.217381165919283,0.235493749629323
112000,0.21775,0.236094223961335
112500,0.218115555555556,0.236689360743729
113000,0.218477876106195,0.237279230828934
113500,0.218837004405286,0.237863903820877
114000,0.21919298245614,0.238443448102364
114500,0.219545851528384,0.239017930861742
115000,0.219895652173913,0.239587418118865
115500,0.220242424242424,0.240151974750385
116000,0.220586206896552,0.240711664514392
116500,0.220927038626609,0.241266550074416
117000,0.221264957264957,0.241816693022816
117500,0.2216,0.24236215390357
118000,0.221932203389831,0.242902992234487
118500,0.222261603375527,0.243439266528856
119000,0.222588235294118,0.24397103431655
119500,0.222912133891213,0.244498352164598
120000,0.223233333333333,0.245021275697246
120500,0.223551867219917,0.245539859615514
121000,0.223867768595041,0.246054157716277
121500,0.224181069958848,0.24656422291086
122000,0.224491803278689,0.247070107243193
122500,0.2248,0.247571861907506
123000,0.225105691056911,0.248069537265606
123500,0.225408906882591,0.248563182863721
124000,0.225709677419355,0.249052847448947
124500,0.226008032128514,0.249538578985297
125000,0.226304,0.250020424669356
125500,0.226597609561753,0.250498430945574
126000,0.226888888888889,0.250972643521186
126500,0.227177865612648,0.251443107380787
127000,0.227464566929134,0.251909866800547
127500,0.227749019607843,0.252372965362114
128000,0.22803125,0.252832445966168
128500,0.228311284046693,0.253288350845677
129000,0.228589147286822,0.253740721578833
129500,0.228864864864865,0.254189599101695
130000,0.229138461538462,0.254635023720535
130500,0.229409961685824,0.255077035123904
131000,0.229679389312977,0.255515672394424
131500,0.229946768060837,0.2559509740203
132000,0.230212121212121,0.256382977906587
132500,0.230475471698113,0.256811721386185
133000,0.230736842105263,0.257237241230598
133500,0.230996254681648,0.257659573660446
134000,0.231253731343284,0.258078754355743
134500,0.231509293680297,0.258494818465944
135000,0.231762962962963,0.258907800619774
135500,0.232273062730627,0.25931773493483
136000,0.232779411764706,0.259724655026982
136500,0.233282051282051,0.260128594019557
137000,0.23378102189781,0.260529584552332
137500,0.234276363636364,0.260927658790324
138000,0.234768115942029,0.261322848432388
138500,0.235256317689531,0.261715184719635
139000,0.235741007194245,0.262104698443665
139500,0.236222222222222,0.26249141995462
140000,0.2367,0.262875379169068
140500,0.237174377224199,0.263256605577719
141000,0.237645390070922,0.263635128252975
141500,0.238113074204947,0.264010975856321
142000,0.238577464788732,0.26438417664556
142500,0.239038596491228,0.264754758481891
143000,0.239496503496504,0.26512274883685
143500,0.239951219512195,0.265488174799091
144000,0.240402777777778,0.265851063081038
144500,0.240851211072664,0.266211440025394
145000,0.241296551724138,0.266569331611514
145500,0.24173883161512,0.266924763461646
146000,0.242178082191781,0.267277760847051
146500,0.24261433447099,0.26762834869399
147000,0.243047619047619,0.267976551589588
147500,0.243477966101695,0.26832239378759
148000,0.243905405405405,0.268665899213983
148500,0.244329966329966,0.269046042945713
149000,0.244751677852349,0.26965327098952
149500,0.245170568561873,0.27025643730728
150000,0.245586666666667,0.270855582516256
150500,0.246,0.271450746693943
151000,0.24641059602649,0.27204196938701
151500,0.246818481848185,0.272629289620056
152000,0.247223684210526,0.2732127459042
152500,0.247626229508197,0.273792376245498
153000,0.24802614379085,0.274368218153192
153500,0.24842345276873,0.274940308647807
154000,0.248818181818182,0.275508684269081
154500,0.249210355987055,0.276073381083744
155000,0.2496,0.276634434693151
155500,0.249987138263666,0.277191880240762
156000,0.250371794871795,0.277745752419477
156500,0.250753993610224,0.27829608547884
157000,0.251133757961783,0.278842913232092
157500,0.251511111111111,0.279386269063101
158000,0.251886075949367,0.279926185933155
158500,0.252258675078864,0.280462696387624
159000,0.25262893081761,0.280995832562506
159500,0.252996865203762,0.281525626190837
160000,0.2533625,0.28205210860899
160500,0.253725856697819,0.282575310762856
161000,0.254086956521739,0.283095263213903
161500,0.254445820433437,0.28361199614513
162000,0.254802469135802,0.284125539366904
162500,0.255156923076923,0.284635922322698
163000,0.255509202453988,0.285143174094714
163500,0.255859327217125,0.285647323409409
164000,0.256207317073171,0.286148398642917
164500,0.256553191489362,0.286646427826373
165000,0.25689696969697,0.287141438651142
165500,0.257238670694864,0.287633458473948
166000,0.257578313253012,0.288122514321918
166500,0.257915915915916,0.288608632897528
167000,0.258251497005988,0.289091840583464
167500,0.258585074626866,0.289572163447394
168000,0.258916666666667,0.290049627246657
168500,0.259246290801187,0.290524257432869
169000,0.259573964497041,0.29099607915644
169500,0.259899705014749,0.291465117271023
170000,0.260223529411765,0.291931396337873
170500,0.260545454545455,0.292394940630137
171000,0.260865497076023,0.292855774137067
171500,0.261183673469388,0.293313920568154
172000,0.2615,0.2937694033572
172500,0.261814492753623,0.29422224566631
173000,0.262127167630058,0.294672470389818
173500,0.262438040345821,0.295120100158147
174000,0.262747126436782,0.2955651573416
174500,0.263054441260745,0.296007664054088
175000,0.26336,0.296447642156791
175500,0.263663817663818,0.296885113261757
176000,0.263965909090909,0.297320098735446
176500,0.264266288951841,0.297752619702201
177000,0.264564971751412,0.298182697047675
177500,0.264861971830986,0.298610351422188
178000,0.265157303370787,0.299035603244036
178500,0.265450980392157,0.299458472702736
179000,0.265743016759777,0.299878979762226
179500,0.266033426183844,0.300297144164002
180000,0.266322222222222,0.300712985430214
180500,0.266609418282548,0.301126522866695
181000,0.266895027624309,0.301537775565958
181500,0.267179063360882,0.301946762410129
182000,0.267461538461538,0.302353502073838
182500,0.267742465753425,0.30275801302706
183000,0.268021857923497,0.303160313537915
183500,0.268299727520436,0.303560421675414
184000,0.268576086956522,0.303958355312165
184500,0.268850948509485,0.304354132127038
185000,0.269124324324324,0.304747769607775
185500,0.269396226415094,0.305139285053576
186000,0.269666666666667,0.305528695577626
186500,0.269935656836461,0.305916018109589
187000,0.27020320855615,0.306301269398067
187500,0.270469333333333,0.306684466013005
188000,0.270734042553192,0.307065624348077
188500,0.270997347480106,0.307444760623016
189000,0.271259259259259,0.307821890885918
189500,0.271519788918206,0.308197031015506
190000,0.271778947368421,0.30857019672336
190500,0.272246719160105,0.308941403556107
191000,0.272712041884817,0.309310666897583
191500,0.273174934725849,0.309678001970958
192000,0.273635416666667,0.310043423840825
192500,0.274093506493507,0.310406947415265
193000,0.274549222797928,0.310768587447868
193500,0.275002583979328,0.311128358539734
194000,0.275453608247423,0.311486275141435
194500,0.275902313624679,0.311842351554953
195000,0.276348717948718,0.312196601935582
195500,0.27679283887468,0.312549040293803
196000,0.277234693877551,0.312899680497135
196500,0.277674300254453,0.313248536271951
197000,0.278111675126904,0.313595621205271
197500,0.278546835443038,0.313940948746524
198000,0.278979797979798,0.314284532209285
198500,0.279410579345088,0.31462638477299
199000,0.279839195979899,0.314966519484615
199500,0.280265664160401,0.315304949260343
2e+05,0.28069,0.315641686887192
