income,etr_nominal,etr_deflated
1000,0,0
1500,0,0
2000,0,0
2500,0,0
3000,0,0
3500,0,0
4000,0,0
4500,0,0
5000,0,0
5500,0,0
6000,0,0
6500,0,0
7000,0,0
7500,0,0
8000,0,0
8500,0,0
9000,0,0
9500,0,0
10000,0,0
10500,0,0
11000,0,0
11500,0,0
12000,0,0
12500,0,0
13000,0,0
13500,0,0
14000,0,0
14500,0,0
15000,0,0
15500,0,0
16000,0,0
16500,0,0
17000,0,0
17500,0,0
18000,0,0
18500,0,0.00347778571728806
19000,0,0.00707047556683311
19500,0,0.0104789249112733
20000,0,0.0137169517884915
20500,0,0.0167970261351136
21000,0,0.0197304302747538
21500,0,0.0240717566638938
22000,0,0.0289792167397144
22500,0,0.0336685674788319
23000,0.00295652173913044,0.0381540334032051
23500,0.00629787234042553,0.0424486284371795
24000,0.0095,0.0465642820114049
24500,0.0125714285714286,0.0505119497254578
25000,0.01552,0.0543017107309487
25500,0.0183529411764706,0.0579428536577928
26000,0.0210769230769231,0.0614439526259122
26500,0.0236981132075472,0.0646920390856539
27000,0.0262222222222222,0.0664570013248085
27500,0.0296654545454545,0.0681577831189029
28000,0.0337785714285714,0.0697978227060653
28500,0.0377473684210526,0.0713803170445554
29000,0.0415793103448276,0.0729082426127527
29500,0.0452813559322034,0.0749603289664444
30000,0.04886,0.077210990150337
30500,0.0523213114754098,0.0793878591642659
31000,0.0556709677419355,0.0814945065971003
31500,0.0589142857142857,0.0835342763336543
32000,0.06205625,0.0855103032659409
32500,0.0651015384615385,0.0874255293695418
33000,0.0680545454545455,0.0892827183184882
33500,0.0709194029850746,0.0910844687913465
34000,0.0737,0.0928332266032385
34500,0.075304347826087,0.0945312957829017
35000,0.0768,0.0962086203065985
35500,0.0782535211267606,0.0995718791755197
36000,0.0796666666666667,0.102841714186971
36500,0.081041095890411,0.10602196467756
37000,0.0823783783783784,0.109116262452188
37500,0.08368,0.112128045619492
38000,0.0856052631578947,0.115060571335025
38500,0.0874805194805195,0.117916927551453
39000,0.0893076923076923,0.120700043864896
39500,0.0910886075949367,0.123412701537492
40000,0.092825,0.126057542768274
40500,0.0945185185185185,0.128637079277307
41000,0.0961707317073171,0.13115370026173
41500,0.0977831325301205,0.133609679776649
42000,0.0993571428571429,0.136007183588832
42500,0.100894117647059,0.138348275546611
43000,0.102395348837209,0.140634923505371
43500,0.103862068965517,0.14286900484439
44000,0.105295454545455,0.145052311607522
44500,0.106696629213483,0.147186555297325
45000,0.108066666666667,0.149273371349577
45500,0.11056043956044,0.151314323312768
46000,0.113,0.153310906755021
46500,0.115387096774194,0.155264552918945
47000,0.117723404255319,0.157176632143212
47500,0.120010526315789,0.15904845706802
48000,0.12225,0.160881285640228
48500,0.124443298969072,0.162676323932597
49000,0.126591836734694,0.164434728790428
49500,0.12869696969697,0.166157610317797
50000,0.13076,0.167846034214619
50500,0.132782178217822,0.16950102397487
51000,0.134764705882353,0.171123562955509
51500,0.136708737864078,0.172714596324873
52000,0.138615384615385,0.174228974757746
52500,0.140485714285714,0.175617270236244
53000,0.142320754716981,0.17697937146043
53500,0.144121495327103,0.17831601284865
54000,0.145888888888889,0.17962790161857
54500,0.147623853211009,0.180915719034914
55000,0.149327272727273,0.182180121589142
55500,0.151,0.183421742115366
56000,0.152642857142857,0.184641190846479
56500,0.154256637168142,0.185839056414209
57000,0.155842105263158,0.18701590679654
57500,0.1574,0.188172290215701
58000,0.158931034482759,0.189308735989703
58500,0.160435897435897,0.190425755340219
59000,0.161915254237288,0.191523842159369
59500,0.16336974789916,0.192603473737862
60000,0.1648,0.193665111456713
60500,0.166206611570248,0.194709201444674
61000,0.167590163934426,0.195736175203325
61500,0.168951219512195,0.196746450201672
62000,0.170290322580645,0.197740430441981
62500,0.171608,0.198718506998445
63000,0.172904761904762,0.199681058530203
63500,0.174181102362205,0.200628451770123
64000,0.1754375,0.201561041990669
64500,0.176674418604651,0.202479173448105
65000,0.177892307692308,0.203383179806197
65500,0.179091603053435,0.204273384540501
66000,0.180272727272727,0.205150101324285
66500,0.181436090225564,0.206013634397035
67000,0.182507462686567,0.20686427891646
67500,0.183525925925926,0.207702321294856
68000,0.184529411764706,0.208528039520629
68500,0.185518248175182,0.209341703465734
69000,0.186492753623188,0.210143575179751
69500,0.187453237410072,0.210933909171263
70000,0.1884,0.211712952677183
70500,0.189333333333333,0.212480945920607
71000,0.190253521126761,0.213238122357786
71500,0.191160839160839,0.213984708914724
72000,0.192055555555556,0.214720926213928
72500,0.192937931034483,0.215446988791763
73000,0.193808219178082,0.216163105306888
73500,0.194666666666667,0.216869478740174
74000,0.195513513513514,0.217566306586524
74500,0.196348993288591,0.218253781038964
75000,0.197173333333333,0.218932089165371
75500,0.197986754966887,0.219601413078183
76000,0.198789473684211,0.220261930097405
76500,0.199581699346405,0.220913812907226
77000,0.200363636363636,0.22155722970653
77500,0.201135483870968,0.222192344353585
78000,0.201897435897436,0.222819316505164
78500,0.202649681528662,0.223438301750354
79000,0.203392405063291,0.224049451739276
79500,0.204125786163522,0.224652914306953
80000,0.20485,0.225248833592535
80500,0.205565217391304,0.225837350154072
81000,0.206271604938272,0.226418601079047
81500,0.206969325153374,0.226992720090832
82000,0.207658536585366,0.227559837651254
82500,0.208339393939394,0.228120081059428
83000,0.209012048192771,0.228673574547022
83500,0.209676646706587,0.229220439370093
84000,0.210333333333333,0.229760793897652
84500,0.21098224852071,0.230294753697075
85000,0.211623529411765,0.230822431616504
85500,0.212257309941521,0.23134393786436
86000,0.212883720930233,0.231859380086079
86500,0.21350289017341,0.232368863438183
87000,0.214114942528736,0.232872490659802
87500,0.21472,0.233370362141746
88000,0.215318181818182,0.233862575993214
88500,0.215909604519774,0.234349228106246
89000,0.216494382022472,0.234830412218009
89500,0.217072625698324,0.235306219970981
90000,0.217644444444444,0.235776740971142
90500,0.218209944751381,0.23624206284423
91000,0.218769230769231,0.236702271290141
91500,0.219322404371585,0.23715745013555
92000,0.219869565217391,0.237607681384813
92500,0.220410810810811,0.238053045269219
93000,0.22094623655914,0.238493620294654
93500,0.221475935828877,0.238929483287731
94000,0.222,0.239360709440455
94500,0.222518518518519,0.239787372353469
95000,0.223031578947368,0.240209544077924
95500,0.223539267015707,0.24062729515605
96000,0.224041666666667,0.241040694660446
96500,0.224538860103627,0.241449810232153
97000,0.225030927835052,0.241854708117555
97500,0.225517948717949,0.242255453204131
98000,0.226,0.242652109055131
98500,0.226477157360406,0.243044737943176
99000,0.226949494949495,0.243433400882857
99500,0.227417085427136,0.24381815766234
1e+05,0.22788,0.244199066874028
100500,0.228338308457711,0.244576185944306
101000,0.228792079207921,0.244949571162404
101500,0.229241379310345,0.245319277708402
102000,0.229686274509804,0.24568535968042
102500,0.230126829268293,0.246047870121003
103000,0.230563106796117,0.246406861042746
103500,0.230995169082126,0.246762383453167
104000,0.231423076923077,0.247114487378873
104500,0.231846889952153,0.247463221889022
105000,0.232266666666667,0.247824187217655
105500,0.232682464454976,0.248498006235581
106000,0.233094339622642,0.249165468470319
106500,0.23350234741784,0.249826663454026
107000,0.233906542056075,0.250481679045363
107500,0.234306976744186,0.251130601468408
108000,0.234703703703704,0.251773515350498
108500,0.235096774193548,0.252410503759021
109000,0.23548623853211,0.253041648237191
109500,0.235872146118721,0.253667028838848
110000,0.236254545454545,0.254286724162307
110500,0.236633484162896,0.254900811383292
111000,0.237009009009009,0.255509366286971
111500,0.237381165919283,0.256112463299137
112000,0.23775,0.256710175516552
112500,0.238115555555556,0.257302574736478
113000,0.238477876106195,0.257889731485432
113500,0.238837004405286,0.25847171504717
114000,0.23919298245614,0.259048593489946
114500,0.239545851528384,0.259620433693046
115000,0.239895652173913,0.260187301372642
115500,0.240242424242424,0.260749261106959
116000,0.240586206896552,0.261306376360809
116500,0.240927038626609,0.261858709509475
117000,0.241264957264957,0.262406321861998
117500,0.2416,0.262949273683862
118000,0.241932203389831,0.2634876242191
118500,0.242261603375527,0.264021431711847
119000,0.242588235294118,0.264550753427343
119500,0.242912133891213,0.265075645672417
120000,0.243233333333333,0.265596163815448
120500,0.243551867219917,0.266112362305841
121000,0.243867768595041,0.266624294693007
121500,0.244181069958848,0.267132013644887
122000,0.244491803278689,0.267635570966015
122500,0.2448,0.268135017615133
123000,0.245105691056911,0.268630403722389
123500,0.245408906882591,0.269121778606104
124000,0.245709677419355,0.269609190789144
124500,0.246008032128514,0.27009268801489
125000,0.246304,0.270572317262831
125500,0.246597609561753,0.271048124763775
126000,0.246888888888889,0.271520156014713
126500,0.247177865612648,0.271988455793311
127000,0.247464566929134,0.272453068172077
127500,0.247749019607843,0.272914036532187
128000,0.24803125,0.273371403576983
128500,0.248311284046693,0.273825211345166
129000,0.248589147286822,0.274275501223673
129500,0.248864864864865,0.274722313960261
130000,0.249138461538462,0.275165689675799
130500,0.249409961685824,0.275605667876274
131000,0.249679389312977,0.276042287464533
131500,0.249946768060837,0.27647558675174
132000,0.250212121212121,0.276905603468589
132500,0.250475471698113,0.277332374776255
133000,0.250736842105263,0.277755937277096
133500,0.250996254681648,0.278176327025122
134000,0.251253731343284,0.278593579536223
134500,0.251509293680297,0.27900772979817
135000,0.251762962962963,0.279418812280399
135500,0.252273062730627,0.279826860943571
136000,0.252779411764706,0.280231909248925
136500,0.253282051282051,0.280633990167427
137000,0.25378102189781,0.281033136188714
137500,0.254276363636364,0.281429379329846
138000,0.254768115942029,0.281822751143868
138500,0.255256317689531,0.282213282728186
139000,0.255741007194245,0.282601004732761
139500,0.256222222222222,0.282985947368128
140000,0.2567,0.283368140413242
140500,0.257174377224199,0.283747613223159
141000,0.257645390070922,0.284124394736552
141500,0.258113074204947,0.284498513483066
142000,0.258577464788732,0.28486999759052
142500,0.259038596491228,0.285238874791957
143000,0.259496503496504,0.285605172432544
143500,0.259951219512195,0.285968917476333
144000,0.260402777777778,0.286330136512874
144500,0.260851211072664,0.286688855763694
145000,0.261296551724138,0.287045101088647
145500,0.26173883161512,0.287398897992122
146000,0.262178082191781,0.287750271629136
146500,0.26261433447099,0.288099246811289
147000,0.263047619047619,0.288445848012611
147500,0.263477966101695,0.28879009937528
148000,0.263905405405405,0.289269891975957
148500,0.264329966329966,0.289878410858193
149000,0.264751677852349,0.290482845721085
149500,0.265170568561873,0.291083237541416
150000,0.265586666666667,0.291679626749611
150500,0.266,0.292272053238815
151000,0.26641059602649,0.292860556373786
151500,0.266818481848185,0.293445174999615
152000,0.267223684210526,0.294025947450274
152500,0.267626229508197,0.294602911556995
153000,0.26802614379085,0.295176104656482
153500,0.26842345276873,0.295745563598969
154000,0.268818181818182,0.296311324756115
154500,0.269210355987055,0.296873424028749
155000,0.2696,0.297431896854462
155500,0.269987138263666,0.297986778215059
156000,0.270371794871795,0.298538102643857
156500,0.270753993610224,0.299085904232854
157000,0.271133757961783,0.299630216639756
157500,0.271511111111111,0.300171073094868
158000,0.271886075949367,0.300708506407859
158500,0.272258675078864,0.301242548974395
159000,0.27262893081761,0.301773232782652
159500,0.272996865203762,0.302300589419697
160000,0.2733625,0.302824650077761
160500,0.273725856697819,0.303345445560384
161000,0.274086956521739,0.303863006288458
161500,0.274445820433437,0.30437736230614
162000,0.274802469135802,0.304888543286677
162500,0.275156923076923,0.305396578538103
163000,0.275509202453988,0.305901497008845
163500,0.275859327217125,0.306403327293221
164000,0.276207317073171,0.30690209763684
164500,0.276553191489362,0.307397835941895
165000,0.27689696969697,0.307890569772374
165500,0.277238670694864,0.308380326359164
166000,0.277578313253012,0.30886713260507
166500,0.277915915915916,0.30935101508974
167000,0.278251497005988,0.309832000074501
167500,0.278585074626866,0.310310113507115
168000,0.278916666666667,0.310785381026439
168500,0.279246290801187,0.311257827967013
169000,0.279573964497041,0.31172747936356
169500,0.279899705014749,0.312194359955408
170000,0.280223529411765,0.312658494190833
170500,0.280545454545455,0.31311990623133
171000,0.280865497076023,0.313578619955799
171500,0.281183673469388,0.314034658964675
172000,0.2815,0.314488046583963
172500,0.281814492753623,0.314938805869227
173000,0.282127167630058,0.315386959609489
173500,0.282438040345821,0.315832530331076
174000,0.282747126436782,0.316275540301389
174500,0.283054441260745,0.316716011532617
175000,0.28336,0.317153965785381
175500,0.283663817663818,0.317589424572317
176000,0.283965909090909,0.3180224091616
176500,0.284266288951841,0.318452940580406
177000,0.284564971751412,0.318881039618315
177500,0.284861971830986,0.319306726830657
178000,0.285157303370787,0.319730022541807
178500,0.285450980392157,0.320150946848413
179000,0.285743016759777,0.320569519622579
179500,0.286033426183844,0.320985760514995
180000,0.286322222222222,0.321399688958009
180500,0.286609418282549,0.321811324168652
181000,0.286895027624309,0.322220685151611
181500,0.287179063360882,0.322627790702158
182000,0.287461538461538,0.32303265940902
182500,0.287742465753425,0.323435309657215
183000,0.288021857923497,0.323835759630829
183500,0.288299727520436,0.324234027315758
184000,0.288576086956522,0.3246301305024
184500,0.288850948509485,0.325024086788302
185000,0.289124324324324,0.325415913580766
185500,0.289396226415094,0.325805628099416
186000,0.289666666666667,0.326193247378719
186500,0.289935656836461,0.326578788270465
187000,0.29020320855615,0.326962267446212
187500,0.290469333333333,0.327343701399689
188000,0.290734042553191,0.327723106449158
188500,0.290997347480106,0.328100498739744
189000,0.291259259259259,0.328475894245723
189500,0.291519788918206,0.328849308772779
190000,0.291778947368421,0.329220757960219
190500,0.292246719160105,0.329590257283158
191000,0.292712041884817,0.329957822054669
191500,0.293174934725849,0.330323467427894
192000,0.293635416666667,0.330687208398134
192500,0.294093506493507,0.331049059804892
193000,0.294549222797927,0.331409036333895
193500,0.295002583979328,0.331767152519078
194000,0.295453608247423,0.332123422744545
194500,0.295902313624679,0.332477861246487
195000,0.296348717948718,0.332830482115086
195500,0.29679283887468,0.333181299296377
196000,0.297234693877551,0.33353032659409
196500,0.297674300254453,0.333877577671459
197000,0.298111675126904,0.334223066053003
197500,0.298546835443038,0.334566805126287
198000,0.298979797979798,0.334908808143645
198500,0.299410579345088,0.335249088223888
199000,0.2998391959799,0.335587658353978
199500,0.300265664160401,0.335924531390685
2e+05,0.30069,0.336259720062208
200500,0.301112219451372,0.336593236969784
201000,0.301532338308458,0.336925094589262
201500,0.301950372208437,0.337255305272663
202000,0.302366336633663,0.337583881249711
202500,0.30278024691358,0.337910834629342
203000,0.303192118226601,0.338236177401191
203500,0.303601965601966,0.33855992143706
204000,0.304009803921569,0.338882078492361
204500,0.30441564792176,0.339202660207539
205000,0.304819512195122,0.339521678109472
205500,0.305221411192214,0.339839143612855
206000,0.305621359223301,0.340155068021562
206500,0.306019370460048,0.340469462529984
207000,0.306415458937198,0.340782338224356
207500,0.306809638554217,0.341093706084056
208000,0.307201923076923,0.341403576982893
208500,0.307592326139089,0.341711961690368
209000,0.307980861244019,0.342018870872927
209500,0.30836754176611,0.342324315095187
210000,0.308752380952381,0.342628304821151
210500,0.309135391923991,0.3429308504154
211000,0.309516587677725,0.343231962144273
211500,0.30989598108747,0.343531650177029
212000,0.31027358490566,0.343829924586989
212500,0.310649411764706,0.344126795352667
213000,0.311023474178404,0.344422272358881
213500,0.311395784543326,0.344716365397853
214000,0.311766355140187,0.345009084170288
214500,0.312135198135198,0.345300438286441
215000,0.312502325581395,0.345590437267171
215500,0.312867749419954,0.345879090544973
216000,0.313231481481482,0.346166407465008
216500,0.313593533487298,0.346452397286105
217000,0.313953917050691,0.346737069181759
217500,0.314312643678161,0.347020432241111
218000,0.314669724770642,0.347302495469916
218500,0.315025171624714,0.347583267791495
219000,0.31537899543379,0.347862758047679
219500,0.315731207289294,0.348140974999734
220000,0.316081818181818,0.34841792732928
220500,0.316430839002268,0.348693623639191
221000,0.316778280542986,0.348968072454487
221500,0.317124153498871,0.349241282223213
222000,0.317468468468469,0.349513261317305
222500,0.317811235955056,0.349784018033446
223000,0.318152466367713,0.350053560593909
223500,0.318492170022371,0.35032189714739
224000,0.318830357142857,0.350589035769829
224500,0.319167037861915,0.350854984465219
225000,0.319502222222222,0.351119751166408
225500,0.319835920177384,0.351383343735883
226000,0.32016814159292,0.351645769966556
226500,0.320498896247241,0.351907037582524
227000,0.320828193832599,0.352167154239831
227500,0.321156043956044,0.352426127527216
228000,0.321482456140351,0.35268396496685
228500,0.321807439824945,0.352940674015062
229000,0.322131004366812,0.353196262063064
229500,0.322453159041394,0.353450736437654
230000,0.322773913043478,0.35370410440192
230500,0.323093275488069,0.353956373155929
231000,0.323411255411255,0.35420754983741
231500,0.323727861771058,0.354457641522426
232000,0.324043103448276,0.354706655226042
232500,0.324356989247312,0.354954597902975
233000,0.324669527896996,0.355201476448248
233500,0.324980728051392,0.355447297697823
234000,0.325290598290598,0.355692068429238
234500,0.325599147121535,0.355935795362225
235000,0.325906382978723,0.356178485159326
235500,0.326212314225053,0.356420144426504
236000,0.326516949152542,0.356660779713736
236500,0.326820295983087,0.35690039751561
237000,0.327122362869198,0.357139004271906
237500,0.327423157894737,0.357376606368176
238000,0.32772268907563,0.35761321013631
238500,0.328020964360587,0.357848821855101
239000,0.328317991631799,0.358083447750802
239500,0.328613778705637,0.358317093997669
240000,0.328908333333333,0.358549766718507
240500,0.329201663201663,0.358781471985205
241000,0.32949377593361,0.35901221581926
241500,0.329784679089027,0.359242004192305
242000,0.330074380165289,0.359470843026619
242500,0.330362886597938,0.359698738195636
243000,0.330650205761317,0.359925695524451
243500,0.330936344969199,0.360151720790315
244000,0.33122131147541,0.360376819723122
244500,0.331505112474438,0.360600998005896
245000,0.331787755102041,0.360824261275272
245500,0.332069246435845,0.361046615121962
246000,0.332349593495935,0.361268065091226
246500,0.332628803245436,0.361488616683333
247000,0.332906882591093,0.361708275354015
247500,0.333183838383838,0.361927046514916
248000,0.333459677419355,0.362144935534039
248500,0.333734406438632,0.362361947736184
249000,0.334008032128514,0.36257808840338
249500,0.334280561122244,0.362793362775317
250000,0.334552,0.363007776049767
250500,0.334822355289421,0.363221333383001
251000,0.335091633466135,0.363434039890206
251500,0.335359840954274,0.363645900645891
252000,0.335626984126984,0.363856920684292
252500,0.335893069306931,0.364067104999769
253000,0.336158102766798,0.3642764585472
253500,0.336422090729783,0.364484986242374
254000,0.336685039370079,0.364692692962369
254500,0.33694695481336,0.36489958354594
255000,0.337207843137255,0.365105662793889
255500,0.33746771037182,0.365310935469439
256000,0.3377265625,0.3655154062986
256500,0.33798440545809,0.365719079970533
257000,0.338241245136187,0.365921961137905
257500,0.338497087378641,0.366124054417249
258000,0.338751937984496,0.366325364389309
258500,0.33900580270793,0.366525895599388
259000,0.339258687258687,0.36672565255769
259500,0.339510597302505,0.36692463973966
260000,0.339761538461538,0.367122861586314
260500,0.340011516314779,0.367320322504575
261000,0.340260536398467,0.367517026867593
261500,0.340508604206501,0.367712979015073
262000,0.34075572519084,0.367908183253594
262500,0.341001904761905,0.368102643856921
263000,0.341247148288973,0.368296365066318
263500,0.341491461100569,0.36848935109086
264000,0.341734848484848,0.368681606107734
264500,0.341977315689981,0.36887313426254
265000,0.342218867924528,0.369063939669591
265500,0.342459510357815,0.36925402641221
266000,0.342699248120301,0.369443398543014
266500,0.34293808630394,0.369632060084209
267000,0.343176029962547,0.369820015027871
267500,0.34341308411215,0.370007267336231
268000,0.343649253731343,0.370193820941947
268500,0.343884543761639,0.370379679748386
269000,0.344118959107807,0.370564847629895
269500,0.344352504638219,0.370749328432066
270000,0.344585185185185,0.370933125972006
270500,0.344817005545286,0.371116244038601
271000,0.345047970479705,0.371298686392774
271500,0.345278084714549,0.371480456767741
272000,0.345507352941176,0.371661558869271
272500,0.345735779816514,0.371841996375933
273000,0.34596336996337,0.372021772939347
273500,0.34619012797075,0.37220089218443
274000,0.346416058394161,0.372379357709641
274500,0.34664116575592,0.372557173087219
275000,0.346865454545455,0.372734341863424
275500,0.347088929219601,0.372910867558772
276000,0.347311594202899,0.373086753668267
276500,0.347533453887884,0.373262003661634
277000,0.347754512635379,0.373436620983544
277500,0.347974774774775,0.373610609053844
278000,0.348194244604317,0.373783971267776
278500,0.348412926391382,0.3739567109962
279000,0.34863082437276,0.374128831585812
279500,0.34884794275492,0.374300336359362
280000,0.349064285714286,0.374471228615863
280500,0.349279857397504,0.374641511630808
281000,0.349494661921708,0.374811188656376
281500,0.349708703374778,0.37498026292164
282000,0.349921985815603,0.375148737632772
282500,0.350134513274336,0.375316615973245
283000,0.35034628975265,0.375483901104034
283500,0.350557319223986,0.375650596163815
284000,0.350767605633803,0.375816704269161
284500,0.350977152899824,0.375982228514734
285000,0.351185964912281,0.37614717197348
285500,0.351394045534151,0.376311537696819
286000,0.351601398601399,0.376475328714831
286500,0.351808027923211,0.376638548036446
287000,0.35201393728223,0.376801198649623
287500,0.352219130434783,0.376963283521536
288000,0.352423611111111,0.377124805598756
288500,0.352627383015598,0.377285767807424
289000,0.35283044982699,0.377446173053431
289500,0.353032815198618,0.377606024222597
290000,0.353234482758621,0.377765324180833
290500,0.353435456110155,0.377924075774326
291000,0.353635738831615,0.378082281829697
291500,0.353835334476844,0.378239945154174
292000,0.354034246575343,0.378397068535759
292500,0.354232478632479,0.37855365474339
293000,0.354430034129693,0.378709706527105
293500,0.354626916524702,0.3788652266182
294000,0.354823129251701,0.379020217729393
294500,0.355018675721562,0.37917468255498
295000,0.355213559322034,0.379328623770989
295500,0.355407783417936,0.379482044035336
296000,0.355601351351351,0.379634945987979
296500,0.355794266441821,0.379787332251068
297000,0.355986531986532,0.379939205429097
297500,0.356178151260504,0.380090568109048
298000,0.356369127516779,0.380241422860543
298500,0.3565594639866,0.380391772235986
299000,0.356749163879599,0.380541618770708
299500,0.356938230383973,0.380690964983111
3e+05,0.357126666666667,0.380839813374806
300500,0.357314475873544,0.380988166430754
301000,0.357501661129568,0.381136026619408
301500,0.357688225538972,0.381283396392841
302000,0.35787417218543,0.381430278186893
302500,0.358059504132231,0.381576674421295
303000,0.358244224422442,0.381722587499808
303500,0.358428336079077,0.381868019810352
304000,0.358611842105263,0.382012973725137
304500,0.358794745484401,0.382157451600794
305000,0.358977049180328,0.382301455778497
305500,0.35915875613748,0.382444988584097
306000,0.359339869281046,0.382588052328241
306500,0.359520391517129,0.382730649306498
307000,0.359700325732899,0.382872781799484
307500,0.359879674796748,0.383014452072981
308000,0.360058441558442,0.383155662378057
308500,0.360236628849271,0.383296414951189
309000,0.360414239482201,0.383436712014374
309500,0.360591276252019,0.383576555775256
310000,0.360767741935484,0.383715948427231
310500,0.360943639291465,0.383854892149571
311000,0.361118971061093,0.38399338910753
311500,0.361293739967897,0.384131441452461
312000,0.361467948717949,0.384269051321929
312500,0.3616416,0.384406220839813
313000,0.361814696485623,0.384542952116427
313500,0.361987240829346,0.384679247248618
314000,0.36215923566879,0.384815108319878
314500,0.362330683624801,0.384950537400451
315000,0.362501587301587,0.385085536547434
315500,0.362671949286846,0.385220107804886
316000,0.362841772151899,0.385354253203929
316500,0.363011058451817,0.385487974762849
317000,0.363179810725552,0.385621274487198
317500,0.363348031496063,0.385754154369895
318000,0.36351572327044,0.385886616391326
318500,0.363682888540031,0.38601866251944
319000,0.363849529780564,0.386150294709848
319500,0.364015649452269,0.386281514905921
320000,0.36418125,0.38641232503888
320500,0.364346333853354,0.386542727027899
321000,0.364510903426791,0.386672722780192
321500,0.364674961119751,0.386802314191109
322000,0.36483850931677,0.386931503144229
322500,0.365001550387597,0.387060291511447
323000,0.365164086687307,0.38718868115307
323500,0.365326120556414,0.387316673917903
324000,0.365487654320988,0.387444271643339
324500,0.365648690292758,0.387571476155444
325000,0.365809230769231,0.387698289269051
325500,0.365969278033794,0.387824712787839
326000,0.366128834355828,0.387950748504422
326500,0.366287901990812,0.388076398200434
327000,0.366446483180428,0.388201663646611
327500,0.366604580152672,0.388326546602875
328000,0.366762195121951,0.38845104881842
328500,0.366919330289193,0.388575172031786
329000,0.367075987841945,0.388698917970947
329500,0.367232169954477,0.388822288353389
330000,0.367387878787879,0.388945284886187
330500,0.367543116490166,0.389067909266087
331000,0.367697885196375,0.389190163179582
331500,0.367852187028658,0.389312048302991
332000,0.368006024096386,0.389433566302535
332500,0.368159398496241,0.389554718834411
333000,0.368312312312312,0.38967550754487
333500,0.368464767616192,0.38979593407029
334000,0.368616766467066,0.389916000037251
334500,0.368768310911809,0.390035707062606
335000,0.368919402985075,0.390155056753557
335500,0.369070044709389,0.390274050707725
336000,0.369220238095238,0.390392690513219
336500,0.369369985141159,0.390510977748712
337000,0.369519287833828,0.390628913983507
337500,0.369668148148148,0.390746500777605
338000,0.369816568047337,0.39086373968178
338500,0.369964549483013,0.390980632237642
339000,0.37011209439528,0.391097179977704
339500,0.370259204712813,0.391213384425454
340000,0.370405882352941,0.391329247095417
340500,0.370552129221733,0.391444769493221
341000,0.370697947214076,0.391559953115665
341500,0.370843338213763,0.391674799450781
342000,0.370988304093567,0.3917893099779
342500,0.371132846715329,0.391903486167713
343000,0.371276967930029,0.392017329482337
343500,0.371420669577875,0.392130841375376
344000,0.371563953488372,0.392244023291982
344500,0.371706821480406,0.392356876668916
345000,0.371849275362319,0.392469402934614
345500,0.371991316931983,0.392581603509238
346000,0.372132947976879,0.392693479804745
346500,0.37227417027417,0.39280503322494
347000,0.372414985590778,0.392916265165538
347500,0.372555395683453,0.393027177014221
348000,0.372695402298851,0.393137770150695
348500,0.372835007173601,0.393248045946748
349000,0.372974212034384,0.393358005766309
349500,0.373113018597997,0.393467650965498
350000,0.373251428571429,0.393576982892691
350500,0.373389443651926,0.393686002888564
351000,0.373527065527066,0.393794712286159
351500,0.373664295874822,0.393903112410929
352000,0.373801136363636,0.3940112045808
352500,0.373937588652482,0.394118990106217
353000,0.374073654390935,0.394226470290203
353500,0.374209335219236,0.394333646428406
354000,0.374344632768362,0.394440519809157
354500,0.374479548660085,0.394547091713517
355000,0.374614084507042,0.394653363415329
355500,0.374748241912799,0.394759336181271
356000,0.37488202247191,0.394865011270904
356500,0.375015427769986,0.394970389936723
357000,0.375148459383754,0.395075473424206
357500,0.375281118881119,0.395180262971865
358000,0.375413407821229,0.39528475981129
358500,0.375545327754533,0.395388965167201
359000,0.375676880222841,0.395492880257498
359500,0.375808066759388,0.395596506293301
360000,0.375938888888889,0.395699844479005
360500,0.376069348127601,0.395802896012321
361000,0.37619944598338,0.395905662084326
361500,0.37632918395574,0.396008143879507
362000,0.376458563535912,0.396110342575806
362500,0.376587586206897,0.396212259344667
363000,0.376716253443526,0.396313895351079
363500,0.376844566712517,0.396415251753622
364000,0.376972527472527,0.39651632970451
364500,0.377100137174211,0.396617130349634
365000,0.377227397260274,0.396717654828607
365500,0.377354309165527,0.396817904274806
366000,0.37748087431694,0.396917879815414
366500,0.377607094133697,0.397017582571464
367000,0.377732970027248,0.397117013657879
367500,0.377858503401361,0.397216174183515
368000,0.377983695652174,0.3973150652512
368500,0.37810854816825,0.397413687957779
369000,0.378233062330623,0.397512043394151
369500,0.378357239512855,0.397610132645309
370000,0.378481081081081,0.397707956790383
370500,0.378604588394062,0.397805516902677
371000,0.378727762803235,0.397902814049708
371500,0.378850605652759,0.397999849293248
372000,0.37897311827957,0.398096623689359
372500,0.379095302013423,0.398193138288434
373000,0.379217158176944,0.398289394135232
373500,0.379338688085676,0.39838539226892
374000,0.379459893048128,0.398481133723106
374500,0.379580774365821,0.398576619525879
375000,0.379701333333333,0.398671850699845
375500,0.379821571238349,0.398766828262162
376000,0.379941489361702,0.398861553224579
376500,0.380061088977424,0.398956026593471
377000,0.380180371352785,0.399050249369872
377500,0.380299337748344,0.399144222549514
378000,0.380417989417989,0.399237947122862
378500,0.380536327608983,0.399331424075143
379000,0.380654353562005,0.39942465438639
379500,0.380772068511199,0.399517639031467
380000,0.380889473684211,0.39961037898011
380500,0.381006570302234,0.399702875196956
381000,0.381123359580053,0.399795128641579
381500,0.381239842726081,0.399887140268524
382000,0.381356020942408,0.399978911027334
382500,0.381471895424837,0.400070441862593
383000,0.381587467362924,0.400161733713947
383500,0.381702737940026,0.400252787516145
384000,0.381817708333333,0.400343604199067
384500,0.381932379713914,0.400434184687755
385000,0.382046753246753,0.400524529902446
385500,0.382160830090791,0.400614640758604
386000,0.382274611398964,0.400704518166947
386500,0.382388098318241,0.400794163033484
387000,0.382501291989664,0.400883576259539
387500,0.382614193548387,0.400972758741785
388000,0.382726804123711,0.401061711372272
388500,0.382839124839125,0.40115043503846
389000,0.382951156812339,0.401238930623243
389500,0.383062901155327,0.401327199004985
390000,0.383174358974359,0.401415241057543
390500,0.383285531370038,0.401503057650299
391000,0.38339641943734,0.401590649648188
391500,0.383507024265645,0.401678017911728
392000,0.383617346938776,0.401765163297045
392500,0.383727388535032,0.401852086655902
393000,0.383837150127226,0.401938788835729
393500,0.383946632782719,0.402025270679649
394000,0.384055837563452,0.402111533026502
394500,0.384164765525982,0.402197576710879
395000,0.384273417721519,0.402283402563144
395500,0.384381795195955,0.402369011409461
396000,0.384489898989899,0.402454404071822
396500,0.384597730138714,0.402539581368075
397000,0.384705289672544,0.402624544111944
397500,0.384812578616352,0.402709293113061
398000,0.38491959798995,0.402793829176989
398500,0.38502634880803,0.402878153105249
399000,0.385132832080201,0.402962265695343
399500,0.385239048811014,0.40304616774078
4e+05,0.385345,0.403129860031104
